3 0.396875 0.444140625 0.184375 0.33203125
3 0.555859375 0.425 0.17109375 0.265625
2 0.615234375 0.69375 0.09921875 0.159375
2 0.85703125 0.66875 0.1078125 0.165625
2 0.83203125 0.713671875 0.0921875 0.08984375
2 0.70546875 0.74453125 0.0765625 0.0765625
2 0.781640625 0.522265625 0.15390625 0.23828125
2 0.659765625 0.55078125 0.14453125 0.1703125
2 0.783984375 0.740234375 0.08046875 0.07109375
2 0.299609375 0.5859375 0.13046875 0.128125
2 0.4671875 0.630859375 0.0625 0.10234375
2 0.53125 0.534375 0.153125 0.115625
