3 0.597265625 0.456640625 0.13515625 0.40078125
3 0.75234375 0.421484375 0.1484375 0.37734375
2 0.492578125 0.64453125 0.05078125 0.0921875
2 0.541015625 0.662890625 0.05703125 0.06640625
2 0.596484375 0.635546875 0.04921875 0.10859375
2 0.557421875 0.595703125 0.04609375 0.13203125
2 0.26484375 0.5359375 0.0609375 0.115625
2 0.22421875 0.659765625 0.0515625 0.13203125
2 0.17890625 0.603515625 0.0484375 0.14453125
2 0.14296875 0.653515625 0.0578125 0.14765625
2 0.296875 0.7 0.078125 0.08125
2 0.298828125 0.655859375 0.09453125 0.11171875
2 0.314453125 0.560546875 0.04140625 0.13671875
2 0.082421875 0.708203125 0.12109375 0.11328125
