1 0.291796875 0.470703125 0.04296875 0.06328125
1 0.291015625 0.4703125 0.04140625 0.0625
1 0.39453125 0.462109375 0.0421875 0.04609375
1 0.4609375 0.476171875 0.05 0.05234375
1 0.40625 0.53125 0.053125 0.071875
1 0.3046875 0.52109375 0.040625 0.0453125
1 0.228515625 0.529296875 0.04140625 0.05859375
1 0.250390625 0.49609375 0.03203125 0.0296875
1 0.521875 0.508984375 0.03125 0.03984375
1 0.537890625 0.5359375 0.04140625 0.04375
1 0.509375 0.530078125 0.028125 0.04140625
1 0.436328125 0.53046875 0.03828125 0.0796875
1 0.356640625 0.517578125 0.03515625 0.03828125
1 0.35 0.543359375 0.040625 0.03671875
1 0.3484375 0.458984375 0.0375 0.04609375
1 0.362890625 0.48671875 0.02890625 0.0484375
