2 0.121875 0.527734375 0.1125 0.20234375
2 0.313671875 0.62265625 0.14296875 0.4546875
2 0.425 0.596875 0.115625 0.48125
2 0.170703125 0.688671875 0.21640625 0.18359375
2 0.05625 0.655078125 0.090625 0.19453125
2 0.524609375 0.64453125 0.11796875 0.4109375
2 0.635546875 0.722265625 0.05546875 0.10078125
2 0.689453125 0.71875 0.10078125 0.15
2 0.698828125 0.624609375 0.09140625 0.13359375
2 0.818359375 0.671484375 0.07421875 0.23984375
2 0.753125 0.6921875 0.084375 0.15
3 0.76640625 0.410546875 0.1859375 0.48359375
3 0.9296875 0.457421875 0.140625 0.40546875
