1 0.224609375 0.4953125 0.07421875 0.109375
1 0.26953125 0.43359375 0.0890625 0.1484375
1 0.497265625 0.578515625 0.12265625 0.21640625
1 0.50234375 0.40625 0.1078125 0.115625
1 0.50078125 0.40234375 0.0828125 0.1109375
1 0.654296875 0.4140625 0.09921875 0.1125
1 0.592578125 0.569921875 0.08203125 0.20859375
1 0.778515625 0.51328125 0.12890625 0.2046875
1 0.789453125 0.553125 0.10078125 0.146875
1 0.758203125 0.47578125 0.08828125 0.1171875
1 0.270703125 0.543359375 0.10390625 0.09921875
1 0.3953125 0.5421875 0.084375 0.1125
