3 0.28359375 0.48984375 0.2546875 0.5203125
2 0.61640625 0.637890625 0.7328125 0.56328125
2 0.5046875 0.637890625 0.50625 0.55078125
3 0.70390625 0.4921875 0.1921875 0.48125
2 0.501953125 0.551171875 0.20078125 0.15234375
2 0.31640625 0.70703125 0.1296875 0.1828125
2 0.39453125 0.61796875 0.1765625 0.2078125
2 0.417578125 0.4421875 0.12890625 0.1375
2 0.534375 0.440234375 0.134375 0.16796875
2 0.44609375 0.701171875 0.1140625 0.12734375
2 0.329296875 0.84296875 0.14296875 0.1484375
2 0.53671875 0.701953125 0.1765625 0.16953125
2 0.662890625 0.616796875 0.11953125 0.17109375
2 0.6203125 0.816796875 0.134375 0.14921875
2 0.482421875 0.809375 0.13359375 0.134375
2 0.86875 0.700390625 0.234375 0.18203125
