1 0.753125 0.778515625 0.140625 0.27890625
1 0.4421875 0.89140625 0.184375 0.1984375
1 0.451171875 0.5953125 0.18046875 0.153125
1 0.45078125 0.60546875 0.1421875 0.1390625
1 0.103125 0.716015625 0.115625 0.18515625
1 0.3203125 0.83203125 0.165625 0.1484375
1 0.328125 0.5984375 0.165625 0.19375
1 0.259375 0.68515625 0.153125 0.1921875
1 0.81953125 0.8890625 0.1328125 0.2
1 0.565625 0.880859375 0.175 0.22109375
1 0.112109375 0.86328125 0.13984375 0.1453125
1 0.216015625 0.91171875 0.11328125 0.1609375
1 0.04765625 0.76953125 0.0953125 0.1515625
1 0.599609375 0.65703125 0.14921875 0.1546875
