3 0.81328125 0.399609375 0.1828125 0.43671875
2 0.053125 0.58828125 0.08125 0.0953125
2 0.316015625 0.5375 0.11640625 0.08125
2 0.315234375 0.495703125 0.08671875 0.13203125
2 0.0921875 0.464453125 0.103125 0.09140625
2 0.283984375 0.416015625 0.12109375 0.06640625
2 0.219140625 0.45625 0.09765625 0.10625
2 0.173828125 0.5703125 0.06953125 0.0625
2 0.211328125 0.61875 0.10078125 0.075
2 0.369921875 0.458984375 0.08671875 0.18359375
2 0.653125 0.546875 0.065625 0.15
2 0.69765625 0.478515625 0.0734375 0.08828125
2 0.791796875 0.5640625 0.08046875 0.146875
2 0.7359375 0.57265625 0.06875 0.1484375
2 0.540234375 0.483984375 0.08984375 0.12109375
2 0.03515625 0.46640625 0.0578125 0.0921875
2 0.16796875 0.466796875 0.0765625 0.15546875
