3 0.776171875 0.481640625 0.21484375 0.21953125
2 0.140625 0.6078125 0.28125 0.134375
2 0.333203125 0.540625 0.12578125 0.0875
2 0.45859375 0.5328125 0.1015625 0.090625
2 0.38671875 0.6671875 0.2703125 0.096875
2 0.457421875 0.695703125 0.21484375 0.11953125
2 0.33125 0.770703125 0.259375 0.11953125
2 0.590625 0.7625 0.2 0.125
2 0.59609375 0.586328125 0.1203125 0.10390625
2 0.7203125 0.608984375 0.121875 0.13046875
0 0.917578125 0.554296875 0.13515625 0.10859375
3 0.911328125 0.46484375 0.10703125 0.1109375
