2 0.29921875 0.6375 0.3796875 0.228125
2 0.343359375 0.6390625 0.45859375 0.23125
2 0.386328125 0.626953125 0.20078125 0.21328125
2 0.46015625 0.6484375 0.0546875 0.09375
2 0.42578125 0.60234375 0.0515625 0.0484375
2 0.31484375 0.604296875 0.0671875 0.07421875
2 0.348046875 0.666796875 0.07109375 0.11796875
2 0.409765625 0.68125 0.06953125 0.109375
2 0.3515625 0.579296875 0.025 0.05546875
2 0.4140625 0.551171875 0.04375 0.05859375
2 0.452734375 0.55625 0.04296875 0.06875
2 0.384375 0.61015625 0.053125 0.0609375
2 0.37578125 0.551953125 0.0421875 0.05390625
3 0.526171875 0.505859375 0.10546875 0.27734375
3 0.783203125 0.50625 0.13203125 0.29375
