2 0.14921875 0.825 0.2984375 0.35
2 0.51171875 0.7765625 0.1703125 0.19375
2 0.645703125 0.666796875 0.10703125 0.13984375
2 0.624609375 0.674609375 0.06796875 0.11484375
3 0.59921875 0.51875 0.1609375 0.340625
2 0.656640625 0.66328125 0.04453125 0.1015625
2 0.675390625 0.6484375 0.04453125 0.09375
3 0.7171875 0.491796875 0.11875 0.26171875
0 0.0265625 0.492578125 0.053125 0.15078125
0 0.104296875 0.418359375 0.03984375 0.06484375
0 0.137109375 0.4234375 0.04609375 0.065625
0 0.0453125 0.398046875 0.04375 0.04296875
0 0.044921875 0.35234375 0.04296875 0.0515625
