1 0.0796875 0.559375 0.109375 0.15
1 0.2328125 0.56328125 0.15 0.1671875
1 0.148046875 0.55625 0.08984375 0.128125
1 0.33671875 0.483984375 0.0859375 0.08046875
1 0.25 0.56640625 0.1 0.1265625
1 0.471875 0.4453125 0.09375 0.075
1 0.595703125 0.429296875 0.11015625 0.08671875
1 0.74921875 0.444921875 0.1140625 0.09921875
1 0.553125 0.55078125 0.1 0.0734375
1 0.8703125 0.5453125 0.109375 0.10625
1 0.861328125 0.541796875 0.10703125 0.10234375
1 0.412109375 0.58359375 0.09609375 0.1171875
1 0.33671875 0.580859375 0.1078125 0.11171875
1 0.49609375 0.594921875 0.1359375 0.09921875
1 0.623828125 0.59140625 0.11640625 0.1140625
