2 0.46953125 0.791796875 0.2671875 0.25859375
2 0.455859375 0.683984375 0.10234375 0.13359375
2 0.22265625 0.6 0.0765625 0.065625
2 0.308984375 0.6109375 0.09921875 0.09375
2 0.24921875 0.505078125 0.0390625 0.06953125
2 0.289453125 0.506640625 0.04765625 0.07890625
2 0.375 0.42265625 0.08125 0.1046875
2 0.538671875 0.614453125 0.15546875 0.19453125
2 0.3953125 0.5640625 0.1 0.134375
2 0.46875 0.4984375 0.0875 0.096875
2 0.645703125 0.552734375 0.11640625 0.15546875
2 0.802734375 0.6078125 0.13671875 0.15625
2 0.712109375 0.71953125 0.18046875 0.1390625
2 0.750390625 0.665625 0.16015625 0.096875
3 0.302734375 0.312890625 0.18671875 0.30078125
3 0.215625 0.3296875 0.096875 0.234375
