2 0.59765625 0.616796875 0.1046875 0.11484375
2 0.607421875 0.570703125 0.05546875 0.08203125
2 0.517578125 0.634765625 0.08828125 0.12890625
2 0.4453125 0.65234375 0.078125 0.1078125
3 0.49765625 0.468359375 0.1640625 0.27734375
2 0.483984375 0.5703125 0.08671875 0.08125
2 0.41171875 0.611328125 0.0828125 0.11953125
2 0.453515625 0.548046875 0.07890625 0.09921875
0 0.333984375 0.601953125 0.07109375 0.08203125
2 0.590234375 0.72109375 0.14609375 0.1015625
2 0.843359375 0.562109375 0.22421875 0.27109375
2 0.701953125 0.688671875 0.13515625 0.17734375
3 0.383984375 0.467578125 0.14296875 0.27578125
