1 0.87109375 0.727734375 0.1296875 0.10859375
2 0.090234375 0.537109375 0.15234375 0.07734375
2 0.1796875 0.559765625 0.2 0.07265625
2 0.0609375 0.66171875 0.121875 0.0703125
2 0.20390625 0.66640625 0.1390625 0.0796875
2 0.10859375 0.598828125 0.1640625 0.05703125
2 0.239453125 0.611328125 0.10703125 0.07890625
0 0.3796875 0.585546875 0.184375 0.24296875
2 0.54296875 0.700390625 0.1140625 0.11015625
2 0.59375 0.648046875 0.096875 0.08984375
2 0.6234375 0.56640625 0.18125 0.0796875
2 0.679296875 0.641015625 0.13359375 0.12578125
2 0.708203125 0.723046875 0.13515625 0.07734375
