2 0.44375 0.379296875 0.54375 0.34296875
1 0.241796875 0.488671875 0.13359375 0.14921875
1 0.33828125 0.277734375 0.1671875 0.10234375
1 0.509375 0.2796875 0.121875 0.10625
1 0.416015625 0.456640625 0.07890625 0.09765625
1 0.46484375 0.3765625 0.0671875 0.115625
1 0.569140625 0.441015625 0.09765625 0.18515625
1 0.67109375 0.384765625 0.0796875 0.09140625
1 0.330078125 0.38671875 0.14765625 0.1109375
1 0.475390625 0.29375 0.06328125 0.08125
2 0.149609375 0.401953125 0.05234375 0.04453125
2 0.181640625 0.36875 0.03203125 0.065625
