1 0.10234375 0.465625 0.1890625 0.421875
1 0.315625 0.492578125 0.190625 0.36328125
1 0.521484375 0.607421875 0.18984375 0.43984375
1 0.675 0.630859375 0.15625 0.40546875
1 0.813671875 0.62421875 0.20234375 0.4734375
1 0.52265625 0.281640625 0.1359375 0.28828125
1 0.30625 0.219140625 0.14375 0.22578125
1 0.165234375 0.197265625 0.14609375 0.25703125
1 0.374609375 0.187109375 0.12421875 0.25546875
1 0.491796875 0.1625 0.12421875 0.2125
1 0.6203125 0.167578125 0.134375 0.22578125
1 0.71015625 0.16171875 0.1234375 0.2078125
1 0.824609375 0.356640625 0.13359375 0.20703125
1 0.9484375 0.57890625 0.103125 0.4109375
1 0.24140625 0.480859375 0.1359375 0.39609375
