3 0.19765625 0.505859375 0.2359375 0.34609375
3 0.4765625 0.425390625 0.20625 0.43828125
2 0.657421875 0.75703125 0.63046875 0.4859375
2 0.569140625 0.864453125 0.17265625 0.26953125
2 0.387109375 0.69453125 0.12109375 0.1640625
2 0.491796875 0.896484375 0.10234375 0.20546875
2 0.469921875 0.759765625 0.09296875 0.23203125
2 0.5453125 0.6890625 0.128125 0.165625
2 0.638671875 0.623828125 0.11484375 0.20078125
2 0.67421875 0.7828125 0.1296875 0.234375
2 0.866796875 0.708203125 0.18984375 0.20390625
2 0.75078125 0.662109375 0.1328125 0.23984375
