1 0.124609375 0.685546875 0.21171875 0.46484375
1 0.275 0.72734375 0.221875 0.4390625
1 0.581640625 0.72109375 0.19453125 0.2890625
1 0.430859375 0.73359375 0.19296875 0.2984375
1 0.741015625 0.671875 0.18515625 0.3375
1 0.326953125 0.3484375 0.24453125 0.25625
1 0.5609375 0.277734375 0.2 0.16796875
1 0.76328125 0.251953125 0.1796875 0.21328125
1 0.687109375 0.271875 0.16796875 0.2125
1 0.844140625 0.41484375 0.08515625 0.1015625
1 0.590625 0.18203125 0.1 0.1421875
1 0.50625 0.1859375 0.109375 0.1
1 0.5359375 0.486328125 0.228125 0.26328125
1 0.690625 0.4375 0.175 0.1875
1 0.893359375 0.405859375 0.10546875 0.17734375
1 0.399609375 0.549609375 0.23046875 0.23046875
